16
18 12 0 22
14 3 21 18
1 15 14 20
0 8 7 14
11 11 19 19
12 9 9 3
20 20 7 13
22 4 4 9
11 9 9 22
12 19 3 15
17 20 4 16
12 12 0 8
10 0 17 10
10 5 1 15
3 22 19 10
12 0 11 6
9 0 9 22
3 6 3 14
10 4 13 11
4 16 4 16
8 8 17 0
16 18 7 12
8 13 13 21
21 15 15 4
18 0 15 22
4 16 6 22
10 15 9 5
19 6 3 5
0 18 4 8
7 13 4 13
7 17 16 2
2 0 16 15
7 5 0 5
1 7 10 1
5 4 22 16
18 17 2 5
21 2 4 19
9 0 14 1
15 18 17 4
2 20 4 3
10 15 3 7
11 9 18 3
1 4 4 7
8 17 16 21
11 4 3 2
19 4 5 20
11 10 2 18
4 22 2 17
9 6 14 1
4 8 20 7
6 19 18 15
12 2 10 11
14 22 0 2
14 18 6 4
0 12 10 10
7 10 10 2
12 21 10 22
10 21 19 9
1 19 22 8
4 2 6 5
5 9 14 6
3 21 3 6
11 21 21 2
6 16 21 12
15 3 0 14
10 3 4 17
19 16 7 20
9 19 9 15
6 14 7 20
3 3 10 4
1 5 8 3
8 2 22 8
8 5 6 16
18 3 20 4
13 11 12 11
18 0 17 17
4 7 7 14
6 17 17 3
14 15 17 11
2 21 17 4
8 12 11 4
21 20 18 2
13 4 18 1
8 15 21 11
3 20 19 11
3 4 8 21
16 18 6 11
1 0 17 2
12 21 11 8
2 18 0 5
3 7 10 12
14 4 7 16
0 5 21 17
2 4 11 1
13 18 11 19
18 12 19 22
5 18 0 12
19 3 18 1
2 22 14 15
6 10 20 20
19 0 3 11
8 4 6 4
12 14 17 0
20 4 19 22
4 5 9 20
9 16 21 18
12 10 4 16
4 13 12 16
11 9 15 12
5 18 14 4
0 15 17 1
6 19 22 4
9 20 14 19
5 6 1 7
4 8 5 21
6 14 19 13
7 6 15 21
4 9 1 4
0 22 11 4
6 3 11 5
15 2 14 4
1 14 15 4
12 4 4 14
19 2 13 13
22 0 9 7
21 16 5 2
8 0 13 18
16 8 8 3
16 5 2 4
0 0 18 15
14 0 12 5
21 15 0 0
6 11 0 8
15 9 13 18
12 7 22 16
22 21 3 14
19 0 6 21
20 16 8 15
4 13 19 21
13 4 2 16
8 0 21 5
17 1 9 20
5 2 10 21
8 0 17 15
6 0 15 16
8 20 21 0
17 0 19 21
0 0 2 1
12 9 11 20
2 2 6 15
21 4 11 5
5 5 2 13
19 9 11 1
12 14 14 20
1 21 5 4
20 7 19 16
4 9 13 2
1 14 7 1
13 1 3 5
14 21 6 9
14 10 9 13
3 12 0 18
4 22 0 4
8 0 22 4
6 3 12 15
4 22 13 16
19 10 6 0
1 19 21 6
2 22 11 14
4 0 9 11
0 20 13 12
14 14 1 11
19 4 19 10
19 4 17 21
3 16 14 4
21 18 6 12
19 9 22 10
0 10 20 17
22 20 21 7
18 10 6 7
4 13 1 6
20 3 22 14
13 4 20 14
15 16 9 21
16 22 8 8
13 2 0 12
7 13 17 9
7 3 18 17
1 12 11 22
0 9 13 13
4 4 19 13
22 21 3 21
4 2 2 7
8 17 6 7
1 12 4 10
4 2 22 2
20 15 0 1
11 5 15 11
8 18 3 16
17 7 4 16
2 2 22 17
0 4 20 9
20 20 11 9
6 17 4 11
20 17 20 22
16 14 10 12
1 15 0 8
6 9 0 0
19 14 18 9
5 6 11 9
15 20 17 0
17 10 12 16
3 9 11 10
10 4 13 6
13 19 18 10
5 0 1 8
10 11 16 7
0 17 7 5
4 7 5 12
15 9 1 13
18 12 10 16
4 4 1 12
8 21 0 5
10 7 22 13
3 19 9 22
7 3 21 14
18 2 5 0
13 11 14 8
16 0 17 18
10 12 18 6
1 20 20 20
16 1 5 16
1 17 21 7
12 22 8 3
4 20 0 10
3 17 13 20
4 16 22 7
0 19 19 14
8 18 12 5
11 15 8 2
3 13 4 17
19 0 14 10
22 1 17 13
1 19 5 15
4 7 15 20
8 13 5 4
6 15 11 15
4 16 14 4
13 13 20 18
8 7 18 16
12 18 4 19
10 18 6 17
7 5 22 22
7 2 22 7
0 1 13 8
6 9 16 10
